CK2 = 5.413080e-4
CK4 = 0.62098875e-6
E6A = 1.0e-6