CK2 = 5.413080e-4
CK4 = 0.62098875e-6
E6A = 1.0e-6
QOMS2T = 1.88027916e-9
S =  1.01222928
TOTHRD = 0.66666667
XJ3 = -0.253881e-5
XKE = 0.743669161e-1
XKMPER =  6378.135
XMNPDA = 1440.0
AE = 1.0
DE2RA = 0.174532925e-1
PI = 3.14159265
PIO2 = 1.57079633
TWOPI = 6.2831853
X3PIO2 = 4.71238898